{
  "nbformat": 4,
  "nbformat_minor": 0,
  "metadata": {
    "colab": {
      "provenance": [],
      "include_colab_link": true
    },
    "kernelspec": {
      "name": "python3",
      "display_name": "Python 3"
    },
    "language_info": {
      "name": "python"
    }
  },
  "cells": [
    {
      "cell_type": "markdown",
      "metadata": {
        "id": "view-in-github",
        "colab_type": "text"
      },
      "source": [
        "<a href=\"https://colab.research.google.com/github/helincesxyz/ChatGPT-Cheater-Detection-in-Online-Games/blob/main/ChatGPTCheaterDetection.ipynb\" target=\"_parent\"><img src=\"https://colab.research.google.com/assets/colab-badge.svg\" alt=\"Open In Colab\"/></a>"
      ]
    },
    {
      "cell_type": "code",
      "source": [
        "#import necesessary libraries\n",
        "import pandas as pd\n",
        "import numpy as np\n",
        "import seaborn as sns\n",
        "import matplotlib.pyplot as plt\n",
        "from sklearn.ensemble import IsolationForest\n",
        "from sklearn.neighbors import NearestNeighbors\n",
        "from sklearn.preprocessing import MinMaxScaler\n",
        "from sklearn.neighbors import LocalOutlierFactor\n",
        "from sklearn.covariance import MinCovDet\n",
        "from sklearn.preprocessing import StandardScaler\n",
        "from sklearn.decomposition import PCA\n",
        "from scipy.spatial.distance import mahalanobis\n",
        "from sklearn.preprocessing import StandardScaler\n",
        "from statsmodels.nonparametric.kernel_density import KDEMultivariate\n",
        "import statsmodels.api as sm\n",
        "from scipy import stats\n"
      ],
      "metadata": {
        "id": "ozciPT_c7I-B"
      },
      "execution_count": null,
      "outputs": []
    },
    {
      "cell_type": "markdown",
      "source": [
        "# PART 1: Read And Normalize Data"
      ],
      "metadata": {
        "id": "Bdv_m99Z4CIz"
      }
    },
    {
      "cell_type": "code",
      "source": [
        "# read the data\n",
        "df = pd.read_csv('memoire.csv', sep=';', header=0, index_col = 0 )"
      ],
      "metadata": {
        "id": "Qq0b8eF784SV"
      },
      "execution_count": null,
      "outputs": []
    },
    {
      "cell_type": "code",
      "source": [
        "# Remove missing values\n",
        "df = df.replace('?', np.nan).dropna()\n",
        "df = df.dropna()"
      ],
      "metadata": {
        "id": "Q5526vkf9kYv"
      },
      "execution_count": null,
      "outputs": []
    },
    {
      "cell_type": "code",
      "source": [
        "# Normalize the data\n",
        "scaler = MinMaxScaler()\n",
        "df_normalized = pd.DataFrame(scaler.fit_transform(df), columns=df.columns)"
      ],
      "metadata": {
        "id": "RFDB4RXR9wu9"
      },
      "execution_count": null,
      "outputs": []
    },
    {
      "cell_type": "code",
      "source": [
        "# check the data for more accuracy\n",
        "# get the number of variables (columns)\n",
        "num_vars = df.shape[1]\n",
        "\n",
        "# print the number of variables\n",
        "print('The number of variables is:', num_vars)\n",
        "\n",
        "num_rows = df.shape[0]\n",
        "\n",
        "# print the number of rows\n",
        "print('The number of rows is:', num_rows)\n",
        "\n",
        "# print the first 5 rows of the data frame to check if it was read correctly\n",
        "print(df.head())"
      ],
      "metadata": {
        "colab": {
          "base_uri": "https://localhost:8080/"
        },
        "id": "hj6LgxP7_bCl",
        "outputId": "0deee9a9-0ff1-4e79-bbf4-e97d24f41f46"
      },
      "execution_count": null,
      "outputs": [
        {
          "output_type": "stream",
          "name": "stdout",
          "text": [
            "The number of variables is: 26\n",
            "The number of rows is: 7263\n",
            "      Score     Kills    Deaths    K/D      Damage  Headshots  Dominations  \\\n",
            "0   90825.0   64010.0   43415.0   1.47   5469199.0    30791.0        159.0   \n",
            "1   37177.0   23354.0   16610.0   1.41  12424189.0     5104.0       2956.0   \n",
            "2  175099.0  377607.0  340137.0   1.11  11308366.0    66327.0        218.0   \n",
            "3   20899.0  206371.0   16340.0  12.63   8809755.0    13478.0   34534577.0   \n",
            "4   54966.0   18610.0   27416.0   0.68   2430503.0     5269.0       2141.0   \n",
            "\n",
            "   Shots Fired  Shots Hit  Shots Accuracy  ...  Hostages Rescued      MVP  \\\n",
            "0     445411.0    92913.0            20.9  ...             501.0   9954.0   \n",
            "1    2156088.0  1385405.0            64.3  ...             807.0   1626.0   \n",
            "2    1022660.0   591692.0            57.9  ...             531.0  46023.0   \n",
            "3     216841.0    98468.0            45.4  ...           93455.0   2180.0   \n",
            "4     294100.0    73146.0            24.9  ...            2138.0   3346.0   \n",
            "\n",
            "      Wins    Ties  Matches Played   Losses  Rounds Played  Rounds Won  Win %  \\\n",
            "0  12583.0  5412.0         25228.0  12645.0        33252.0     12583.0   49.9   \n",
            "1   6675.0  4526.0         11486.0   4811.0       940768.0      6675.0   58.1   \n",
            "2   9038.0  2302.0         24565.0  15527.0        66608.0      9038.0   36.8   \n",
            "3    274.0  2143.0           565.0    291.0        11783.0       274.0   48.5   \n",
            "4   2251.0  2137.0          2452.0    201.0        24016.0      2251.0   91.8   \n",
            "\n",
            "   Headshot %  \n",
            "0        48.1  \n",
            "1        21.9  \n",
            "2        17.6  \n",
            "3         6.5  \n",
            "4        28.3  \n",
            "\n",
            "[5 rows x 26 columns]\n"
          ]
        }
      ]
    },
    {
      "cell_type": "code",
      "source": [
        "# Convert data to float\n",
        "df = df.astype(str) # convert to strings first\n",
        "df = df.apply(lambda x: x.str.replace(',', '.')).astype(float)"
      ],
      "metadata": {
        "id": "oOwd_y7D-eJm"
      },
      "execution_count": null,
      "outputs": []
    },
    {
      "cell_type": "code",
      "source": [
        "\n",
        "# create the correlation matrix\n",
        "corr_matrix = df.corr()\n",
        "\n",
        "# round the values in the matrix to 2 decimal places\n",
        "corr_matrix = corr_matrix.round(2)\n",
        "\n",
        "# print the correlation matrix\n",
        "print(corr_matrix)\n",
        "\n",
        "# export the correlation matrix as a CSV file with 2 digits of accuracy\n",
        "corr_matrix.to_csv('correlation.csv', float_format='%.2f', index=False)\n",
        "\n",
        "\n",
        "with open(\"correlation.csv\", \"r\") as f:\n",
        "    content = f.read()\n",
        "\n"
      ],
      "metadata": {
        "colab": {
          "base_uri": "https://localhost:8080/"
        },
        "id": "YV171SHeAKZH",
        "outputId": "11fe545e-4b3c-4299-8bc1-41cb30c51df8"
      },
      "execution_count": null,
      "outputs": [
        {
          "output_type": "stream",
          "name": "stdout",
          "text": [
            "                      Score  Kills  Deaths   K/D  Damage  Headshots  \\\n",
            "Score                  1.00   0.11    0.12 -0.01    0.08       0.09   \n",
            "Kills                  0.11   1.00    0.87  0.11    0.59       0.83   \n",
            "Deaths                 0.12   0.87    1.00 -0.09    0.59       0.81   \n",
            "K/D                   -0.01   0.11   -0.09  1.00   -0.00       0.02   \n",
            "Damage                 0.08   0.59    0.59 -0.00    1.00       0.55   \n",
            "Headshots              0.09   0.83    0.81  0.02    0.55       1.00   \n",
            "Dominations           -0.00   0.03   -0.01  0.18    0.00      -0.00   \n",
            "Shots Fired            0.04   0.41    0.29  0.08    0.21       0.27   \n",
            "Shots Hit              0.03   0.19    0.20 -0.01    0.14       0.18   \n",
            "Shots Accuracy         0.03   0.06    0.01  0.30    0.05       0.20   \n",
            "Snipers Killed         0.01   0.08    0.04  0.18    0.04       0.04   \n",
            "Domination Overkills   0.08   0.24    0.15  0.16    0.17       0.22   \n",
            "Domination Revenges    0.08   0.26    0.25  0.04    0.19       0.18   \n",
            "Bombs Planted          0.00   0.10    0.05  0.19    0.04       0.05   \n",
            "Bombs Defused          0.00   0.11    0.05  0.20    0.04       0.05   \n",
            "Money Earned           0.10   0.75    0.78 -0.04    0.55       0.69   \n",
            "Hostages Rescued       0.00   0.01    0.00  0.02    0.00       0.00   \n",
            "MVP                    0.01   0.05    0.05  0.01    0.75       0.05   \n",
            "Wins                   0.08   0.58    0.57  0.04    0.42       0.50   \n",
            "Ties                   0.02   0.06    0.04  0.06    0.02       0.03   \n",
            "Matches Played         0.11   0.68    0.69 -0.01    0.49       0.57   \n",
            "Losses                 0.13   0.66    0.70 -0.05    0.48       0.54   \n",
            "Rounds Played          0.07   0.48    0.52 -0.05    0.37       0.45   \n",
            "Rounds Won             0.08   0.58    0.57  0.04    0.42       0.50   \n",
            "Win %                 -0.01   0.09    0.06  0.13    0.06       0.09   \n",
            "Headshot %             0.02   0.17    0.18  0.00    0.13       0.51   \n",
            "\n",
            "                      Dominations  Shots Fired  Shots Hit  Shots Accuracy  \\\n",
            "Score                       -0.00         0.04       0.03            0.03   \n",
            "Kills                        0.03         0.41       0.19            0.06   \n",
            "Deaths                      -0.01         0.29       0.20            0.01   \n",
            "K/D                          0.18         0.08      -0.01            0.30   \n",
            "Damage                       0.00         0.21       0.14            0.05   \n",
            "Headshots                   -0.00         0.27       0.18            0.20   \n",
            "Dominations                  1.00        -0.00      -0.00            0.09   \n",
            "Shots Fired                 -0.00         1.00       0.47           -0.02   \n",
            "Shots Hit                   -0.00         0.47       1.00            0.16   \n",
            "Shots Accuracy               0.09        -0.02       0.16            1.00   \n",
            "Snipers Killed               1.00         0.01       0.01            0.09   \n",
            "Domination Overkills         0.04         0.06       0.05            0.11   \n",
            "Domination Revenges          0.32         0.08       0.06            0.14   \n",
            "Bombs Planted                1.00         0.04       0.01            0.08   \n",
            "Bombs Defused                0.99         0.06       0.01            0.08   \n",
            "Money Earned                -0.01         0.29       0.17           -0.06   \n",
            "Hostages Rescued             0.04         0.00       0.00           -0.01   \n",
            "MVP                         -0.00         0.02       0.01            0.03   \n",
            "Wins                        -0.01         0.27       0.23            0.09   \n",
            "Ties                         0.24         0.03       0.04            0.19   \n",
            "Matches Played              -0.01         0.31       0.23            0.06   \n",
            "Losses                      -0.01         0.29       0.18            0.01   \n",
            "Rounds Played               -0.01         0.24       0.12           -0.05   \n",
            "Rounds Won                  -0.01         0.27       0.23            0.09   \n",
            "Win %                        0.00         0.02       0.04            0.10   \n",
            "Headshot %                  -0.04         0.05       0.06            0.36   \n",
            "\n",
            "                      ...  Hostages Rescued   MVP  Wins  Ties  Matches Played  \\\n",
            "Score                 ...              0.00  0.01  0.08  0.02            0.11   \n",
            "Kills                 ...              0.01  0.05  0.58  0.06            0.68   \n",
            "Deaths                ...              0.00  0.05  0.57  0.04            0.69   \n",
            "K/D                   ...              0.02  0.01  0.04  0.06           -0.01   \n",
            "Damage                ...              0.00  0.75  0.42  0.02            0.49   \n",
            "Headshots             ...              0.00  0.05  0.50  0.03            0.57   \n",
            "Dominations           ...              0.04 -0.00 -0.01  0.24           -0.01   \n",
            "Shots Fired           ...              0.00  0.02  0.27  0.03            0.31   \n",
            "Shots Hit             ...              0.00  0.01  0.23  0.04            0.23   \n",
            "Shots Accuracy        ...             -0.01  0.03  0.09  0.19            0.06   \n",
            "Snipers Killed        ...              0.04  0.00  0.03  0.24            0.04   \n",
            "Domination Overkills  ...              0.00  0.01  0.20  0.03            0.25   \n",
            "Domination Revenges   ...              0.05  0.02  0.19  0.25            0.33   \n",
            "Bombs Planted         ...              0.04  0.00  0.04  0.24            0.04   \n",
            "Bombs Defused         ...              0.05  0.01  0.04  0.25            0.04   \n",
            "Money Earned          ...              0.01  0.06  0.61  0.02            0.71   \n",
            "Hostages Rescued      ...              1.00  0.11  0.00  0.01            0.00   \n",
            "MVP                   ...              0.11  1.00  0.05  0.00            0.05   \n",
            "Wins                  ...              0.00  0.05  1.00  0.17            0.92   \n",
            "Ties                  ...              0.01  0.00  0.17  1.00            0.19   \n",
            "Matches Played        ...              0.00  0.05  0.92  0.19            1.00   \n",
            "Losses                ...             -0.00  0.04  0.65  0.17            0.90   \n",
            "Rounds Played         ...              0.00  0.04  0.44  0.11            0.51   \n",
            "Rounds Won            ...              0.00  0.05  1.00  0.17            0.92   \n",
            "Win %                 ...              0.01  0.02  0.38  0.04            0.17   \n",
            "Headshot %            ...             -0.01  0.00  0.13 -0.02            0.11   \n",
            "\n",
            "                      Losses  Rounds Played  Rounds Won  Win %  Headshot %  \n",
            "Score                   0.13           0.07        0.08  -0.01        0.02  \n",
            "Kills                   0.66           0.48        0.58   0.09        0.17  \n",
            "Deaths                  0.70           0.52        0.57   0.06        0.18  \n",
            "K/D                    -0.05          -0.05        0.04   0.13        0.00  \n",
            "Damage                  0.48           0.37        0.42   0.06        0.13  \n",
            "Headshots               0.54           0.45        0.50   0.09        0.51  \n",
            "Dominations            -0.01          -0.01       -0.01   0.00       -0.04  \n",
            "Shots Fired             0.29           0.24        0.27   0.02        0.05  \n",
            "Shots Hit               0.18           0.12        0.23   0.04        0.06  \n",
            "Shots Accuracy          0.01          -0.05        0.09   0.10        0.36  \n",
            "Snipers Killed          0.04           0.03        0.03   0.01       -0.03  \n",
            "Domination Overkills    0.26           0.08        0.20  -0.00        0.09  \n",
            "Domination Revenges     0.43           0.13        0.19  -0.10       -0.03  \n",
            "Bombs Planted           0.04           0.04        0.04   0.01       -0.03  \n",
            "Bombs Defused           0.04           0.03        0.04   0.02       -0.02  \n",
            "Money Earned            0.68           0.61        0.61   0.13        0.19  \n",
            "Hostages Rescued       -0.00           0.00        0.00   0.01       -0.01  \n",
            "MVP                     0.04           0.04        0.05   0.02        0.00  \n",
            "Wins                    0.65           0.44        1.00   0.38        0.13  \n",
            "Ties                    0.17           0.11        0.17   0.04       -0.02  \n",
            "Matches Played          0.90           0.51        0.92   0.17        0.11  \n",
            "Losses                  1.00           0.48        0.65  -0.09        0.08  \n",
            "Rounds Played           0.48           1.00        0.44   0.08        0.13  \n",
            "Rounds Won              0.65           0.44        1.00   0.38        0.13  \n",
            "Win %                  -0.09           0.08        0.38   1.00        0.09  \n",
            "Headshot %              0.08           0.13        0.13   0.09        1.00  \n",
            "\n",
            "[26 rows x 26 columns]\n"
          ]
        }
      ]
    },
    {
      "cell_type": "markdown",
      "source": [],
      "metadata": {
        "id": "RR6gkeOEBpVF"
      }
    },
    {
      "cell_type": "markdown",
      "source": [
        "# PART 2: Application Of Machine Learning Models"
      ],
      "metadata": {
        "id": "jmXn4hFYBqCu"
      }
    },
    {
      "cell_type": "markdown",
      "source": [
        "MAHALONOBIS"
      ],
      "metadata": {
        "id": "xMFKwB7HDqfd"
      }
    },
    {
      "cell_type": "code",
      "source": [
        "#MAHALONOBIS\n",
        "\n",
        "# estimate the center and covariance matrix using the MCD estimator\n",
        "\n",
        "mcd = MinCovDet().fit(df)\n",
        "center = mcd.location_\n",
        "covariance = mcd.covariance_\n",
        "\n",
        "\n",
        "mcd = MinCovDet(support_fraction=0.99999)\n",
        "\n",
        "# print the covariance matrix\n",
        "print(\"Covariance matrix:\\n\", covariance)\n",
        "\n",
        "# print the center\n",
        "print(\"Center of the data:\\n\", center)\n"
      ],
      "metadata": {
        "colab": {
          "base_uri": "https://localhost:8080/"
        },
        "id": "fha-E0cTAgAd",
        "outputId": "78fc11d1-591c-44df-d054-33d2ceca85b2"
      },
      "execution_count": null,
      "outputs": [
        {
          "output_type": "stream",
          "name": "stdout",
          "text": [
            "Covariance matrix:\n",
            " [[ 4.30780725e+09  1.26138263e+09  1.12416464e+09 -9.78192070e+02\n",
            "   1.80796828e+11  5.06632186e+08  1.28252094e+07  2.17344617e+10\n",
            "   4.27782470e+09  1.32686984e+03  8.46132117e+07  1.29845772e+07\n",
            "   3.69958987e+06  5.59664279e+07  1.26081427e+07  3.05916504e+12\n",
            "   1.89763922e+05  1.28112011e+08  2.34094520e+07 -6.94613939e+02\n",
            "   5.57298215e+07  3.23203695e+07  1.08349998e+09  2.34094520e+07\n",
            "  -4.21289348e+03  2.67851117e+04]\n",
            " [ 1.26138263e+09  4.49662713e+08  4.06226096e+08 -4.76592068e+02\n",
            "   6.47830347e+10  1.82374315e+08  2.93624108e+06  7.84733962e+09\n",
            "   1.52262646e+09 -3.04711780e+03  2.94636520e+07  2.98390734e+06\n",
            "   8.46902180e+05  2.11096427e+07  4.82706217e+06  1.18750278e+12\n",
            "   9.31182073e+04  4.95996719e+07  8.75958490e+06 -5.04299641e+01\n",
            "   1.98102047e+07  1.10506198e+07  4.17357303e+08  8.75958490e+06\n",
            "   2.97119565e+04  1.33037621e+04]\n",
            " [ 1.12416464e+09  4.06226096e+08  3.85454391e+08 -1.26341763e+03\n",
            "   5.86949816e+10  1.63709518e+08  2.38983048e+06  7.29687419e+09\n",
            "   1.39490917e+09 -6.78595605e+03  2.64711986e+07  2.32035646e+06\n",
            "   7.86371607e+05  1.98380656e+07  4.40453058e+06  1.11811482e+12\n",
            "   5.66986280e+04  4.48717304e+07  8.03448709e+06 -1.16743246e+02\n",
            "   1.84191345e+07  1.03846474e+07  3.93124886e+08  8.03448709e+06\n",
            "   1.96543282e+04  8.80885225e+03]\n",
            " [-9.78192070e+02 -4.76592068e+02 -1.26341763e+03  2.65157008e-01\n",
            "  -7.61103143e+04 -1.17708431e+02  7.84056900e+00 -1.83799237e+04\n",
            "  -2.62409077e+03  8.02436211e-01 -3.84679310e+01  1.54402511e+01\n",
            "  -3.05484281e+00 -5.31870896e+01 -6.66595667e+00 -3.01521893e+06\n",
            "   2.94266670e+00 -5.54894883e+01 -1.42980724e+01  2.15352024e-03\n",
            "  -4.69424634e+01 -3.26443910e+01 -1.13164003e+03 -1.42980724e+01\n",
            "   1.47258821e+00  7.47584664e-01]\n",
            " [ 1.80796828e+11  6.47830347e+10  5.86949816e+10 -7.61103143e+04\n",
            "   9.36085097e+12  2.63295019e+10  4.12754903e+08  1.12952121e+12\n",
            "   2.18610907e+11 -5.21621957e+05  4.27691551e+09  4.19521997e+08\n",
            "   1.19647809e+08  3.04407419e+09  6.96790813e+08  1.71885060e+14\n",
            "   1.14732958e+07  7.18288080e+09  1.26349364e+09 -2.07128760e+04\n",
            "   2.85419744e+09  1.59070381e+09  6.04541852e+10  1.26349364e+09\n",
            "   4.39575260e+06  2.10715578e+06]\n",
            " [ 5.06632186e+08  1.82374315e+08  1.63709518e+08 -1.17708431e+02\n",
            "   2.63295019e+10  7.83356965e+07  1.15653807e+06  3.12353684e+09\n",
            "   6.06004176e+08 -1.10409336e+03  1.16128328e+07  1.20324241e+06\n",
            "   3.12678387e+05  8.33311207e+06  1.95086961e+06  4.74112262e+11\n",
            "   2.50586735e+04  2.02517802e+07  3.46326222e+06 -9.88043575e+01\n",
            "   7.76672801e+06  4.30346579e+06  1.67005927e+08  3.46326222e+06\n",
            "   1.36163761e+04  1.74615916e+04]\n",
            " [ 1.28252094e+07  2.93624108e+06  2.38983048e+06  7.84056900e+00\n",
            "   4.12754903e+08  1.15653807e+06  6.20693273e+04  4.79534194e+07\n",
            "   1.01315970e+07  1.34644788e+02  2.03714023e+05  6.37152683e+04\n",
            "   1.69385879e+04  9.85851528e+04  2.23800870e+04  4.96749194e+09\n",
            "   3.64989948e+02  2.30720889e+05  4.87820631e+04 -4.24245782e+00\n",
            "   1.31899767e+05  8.31177034e+04  1.83486130e+06  4.87820631e+04\n",
            "  -4.62008380e+02 -1.18603617e+01]\n",
            " [ 2.17344617e+10  7.84733962e+09  7.29687419e+09 -1.83799237e+04\n",
            "   1.12952121e+12  3.12353684e+09  4.79534194e+07  1.47548123e+11\n",
            "   2.75430268e+10 -2.27920389e+05  5.04767679e+08  4.74905299e+07\n",
            "   1.48326167e+07  3.84855335e+08  8.51128912e+07  2.14850388e+13\n",
            "   1.49957246e+06  8.62261552e+08  1.57363543e+08 -3.56719840e+03\n",
            "   3.58210875e+08  2.00847332e+08  7.54597220e+09  1.57363543e+08\n",
            "   4.48816731e+05  6.15347885e+04]\n",
            " [ 4.27782470e+09  1.52262646e+09  1.39490917e+09 -2.62409077e+03\n",
            "   2.18610907e+11  6.06004176e+08  1.01315970e+07  2.75430268e+10\n",
            "   5.32583110e+09 -1.46367732e+04  9.84040080e+07  1.00679198e+07\n",
            "   3.06455436e+06  7.30904576e+07  1.62859605e+07  4.06577397e+12\n",
            "   2.97866515e+05  1.66683407e+08  3.02135923e+07 -3.33431688e+02\n",
            "   6.89164052e+07  3.87028129e+07  1.42938423e+09  3.02135923e+07\n",
            "   8.41584833e+04  1.32839069e+04]\n",
            " [ 1.32686984e+03 -3.04711780e+03 -6.78595605e+03  8.02436211e-01\n",
            "  -5.21621957e+05 -1.10409336e+03  1.34644788e+02 -2.27920389e+05\n",
            "  -1.46367732e+04  1.20290814e+01 -1.12375052e+02  1.48327296e+02\n",
            "   2.44205372e+01 -4.28369183e+02 -6.99317159e+01 -2.55338713e+07\n",
            "   4.97652552e+00 -4.50426232e+02 -1.14367677e+02  1.38620874e-02\n",
            "  -2.48455989e+02 -1.34088312e+02 -8.99168581e+03 -1.14367677e+02\n",
            "   2.89366241e+00  2.50781243e+00]\n",
            " [ 8.46132117e+07  2.94636520e+07  2.64711986e+07 -3.84679310e+01\n",
            "   4.27691551e+09  1.16128328e+07  2.03714023e+05  5.04767679e+08\n",
            "   9.84040080e+07 -1.12375052e+02  2.18677834e+06  2.04199553e+05\n",
            "   6.27148490e+04  1.34557069e+06  3.08283574e+05  7.70957942e+10\n",
            "   5.70544168e+03  3.26774489e+06  5.82974842e+05 -9.31781951e+00\n",
            "   1.32723174e+06  7.44256895e+05  2.72126205e+07  5.82974842e+05\n",
            "   1.87431129e+03 -3.39168773e+00]\n",
            " [ 1.29845772e+07  2.98390734e+06  2.32035646e+06  1.54402511e+01\n",
            "   4.19521997e+08  1.20324241e+06  6.37152683e+04  4.74905299e+07\n",
            "   1.00679198e+07  1.48327296e+02  2.04199553e+05  7.22080060e+04\n",
            "   1.53354910e+04  9.69962378e+04  2.30680631e+04  4.95184578e+09\n",
            "   8.51746657e+02  2.41501235e+05  4.85655094e+04 -3.68011589e+00\n",
            "   1.27289979e+05  7.87244697e+04  1.81874191e+06  4.85655094e+04\n",
            "  -3.33210344e+02  7.90874827e+01]\n",
            " [ 3.69958987e+06  8.46902180e+05  7.86371607e+05 -3.05484281e+00\n",
            "   1.19647809e+08  3.12678387e+05  1.69385879e+04  1.48326167e+07\n",
            "   3.06455436e+06  2.44205372e+01  6.27148490e+04  1.53354910e+04\n",
            "   6.84777057e+03  2.97519276e+04  6.08190152e+03  1.53026466e+09\n",
            "   1.04495224e+02  6.44786221e+04  1.46891247e+04 -6.53329080e-01\n",
            "   4.30011082e+04  2.83119835e+04  5.69573541e+05  1.46891247e+04\n",
            "  -2.41071295e+02 -7.32679831e+01]\n",
            " [ 5.59664279e+07  2.11096427e+07  1.98380656e+07 -5.31870896e+01\n",
            "   3.04407419e+09  8.33311207e+06  9.85851528e+04  3.84855335e+08\n",
            "   7.30904576e+07 -4.28369183e+02  1.34557069e+06  9.69962378e+04\n",
            "   2.97519276e+04  1.28258249e+06  2.53458473e+05  6.19251126e+10\n",
            "   2.01083677e+03  2.43403602e+06  4.33185266e+05 -1.31294153e+01\n",
            "   9.69888055e+05  5.36702789e+05  2.15027240e+07  4.33185266e+05\n",
            "   1.83367782e+03  1.03548907e+02]\n",
            " [ 1.26081427e+07  4.82706217e+06  4.40453058e+06 -6.66595667e+00\n",
            "   6.96790813e+08  1.95086961e+06  2.23800870e+04  8.51128912e+07\n",
            "   1.62859605e+07 -6.99317159e+01  3.08283574e+05  2.30680631e+04\n",
            "   6.08190152e+03  2.53458473e+05  6.03659432e+04  1.36603041e+10\n",
            "   6.75457650e+02  5.64655534e+05  9.65909812e+04 -1.17168711e-01\n",
            "   2.12818416e+05  1.16227435e+05  4.77624041e+06  9.65909812e+04\n",
            "   4.98354775e+02  1.35209976e+02]\n",
            " [ 3.05916504e+12  1.18750278e+12  1.11811482e+12 -3.01521893e+06\n",
            "   1.71885060e+14  4.74112262e+11  4.96749194e+09  2.14850388e+13\n",
            "   4.06577397e+12 -2.55338713e+07  7.70957942e+10  4.95184578e+09\n",
            "   1.53026466e+09  6.19251126e+10  1.36603041e+10  3.48793152e+15\n",
            "   3.60530831e+08  1.37659622e+11  2.42012242e+10  1.70852654e+05\n",
            "   5.38629233e+10  2.96616991e+10  1.20821658e+12  2.42012242e+10\n",
            "   1.07822561e+08  1.58830464e+07]\n",
            " [ 1.89763922e+05  9.31182073e+04  5.66986280e+04  2.94266670e+00\n",
            "   1.14732958e+07  2.50586735e+04  3.64989948e+02  1.49957246e+06\n",
            "   2.97866515e+05  4.97652552e+00  5.70544168e+03  8.51746657e+02\n",
            "   1.04495224e+02  2.01083677e+03  6.75457650e+02  3.60530831e+08\n",
            "   3.34921165e+03  1.08755633e+04  2.31391661e+03  6.56148081e+00\n",
            "   4.52475318e+03  2.21083657e+03  7.16165220e+04  2.31391661e+03\n",
            "   4.73504010e+01 -4.66727219e+01]\n",
            " [ 1.28112011e+08  4.95996719e+07  4.48717304e+07 -5.54894883e+01\n",
            "   7.18288080e+09  2.02517802e+07  2.30720889e+05  8.62261552e+08\n",
            "   1.66683407e+08 -4.50426232e+02  3.26774489e+06  2.41501235e+05\n",
            "   6.44786221e+04  2.43403602e+06  5.64655534e+05  1.37659622e+11\n",
            "   1.08755633e+04  6.07453600e+06  9.97600876e+05 -7.79725040e+00\n",
            "   2.18656884e+06  1.18896797e+06  4.84744109e+07  9.97600876e+05\n",
            "   5.55717531e+03  1.98091730e+03]\n",
            " [ 2.34094520e+07  8.75958490e+06  8.03448709e+06 -1.42980724e+01\n",
            "   1.26349364e+09  3.46326222e+06  4.87820631e+04  1.57363543e+08\n",
            "   3.02135923e+07 -1.14367677e+02  5.82974842e+05  4.85655094e+04\n",
            "   1.46891247e+04  4.33185266e+05  9.65909812e+04  2.42012242e+10\n",
            "   2.31391661e+03  9.97600876e+05  1.87082392e+05  5.61252647e+00\n",
            "   4.14503262e+05  2.27420870e+05  8.52581572e+06  1.87082392e+05\n",
            "   9.17435599e+02  1.11075373e+01]\n",
            " [-6.94613939e+02 -5.04299641e+01 -1.16743246e+02  2.15352024e-03\n",
            "  -2.07128760e+04 -9.88043575e+01 -4.24245782e+00 -3.56719840e+03\n",
            "  -3.33431688e+02  1.38620874e-02 -9.31781951e+00 -3.68011589e+00\n",
            "  -6.53329080e-01 -1.31294153e+01 -1.17168711e-01  1.70852654e+05\n",
            "   6.56148081e+00 -7.79725040e+00  5.61252647e+00  1.35976469e+00\n",
            "   5.99050695e+00  3.77980485e-01 -1.31817889e+02  5.61252647e+00\n",
            "   1.96775340e-01 -2.81861285e-01]\n",
            " [ 5.57298215e+07  1.98102047e+07  1.84191345e+07 -4.69424634e+01\n",
            "   2.85419744e+09  7.76672801e+06  1.31899767e+05  3.58210875e+08\n",
            "   6.89164052e+07 -2.48455989e+02  1.32723174e+06  1.27289979e+05\n",
            "   4.30011082e+04  9.69888055e+05  2.12818416e+05  5.38629233e+10\n",
            "   4.52475318e+03  2.18656884e+06  4.14503262e+05  5.99050695e+00\n",
            "   9.52052023e+05  5.37548761e+05  1.90365252e+07  4.14503262e+05\n",
            "   9.81461593e+02 -1.74375320e+02]\n",
            " [ 3.23203695e+07  1.10506198e+07  1.03846474e+07 -3.26443910e+01\n",
            "   1.59070381e+09  4.30346579e+06  8.31177034e+04  2.00847332e+08\n",
            "   3.87028129e+07 -1.34088312e+02  7.44256895e+05  7.87244697e+04\n",
            "   2.83119835e+04  5.36702789e+05  1.16227435e+05  2.96616991e+10\n",
            "   2.21083657e+03  1.18896797e+06  2.27420870e+05  3.77980485e-01\n",
            "   5.37548761e+05  3.10127891e+05  1.05107094e+07  2.27420870e+05\n",
            "   6.40259939e+01 -1.85482857e+02]\n",
            " [ 1.08349998e+09  4.17357303e+08  3.93124886e+08 -1.13164003e+03\n",
            "   6.04541852e+10  1.67005927e+08  1.83486130e+06  7.54597220e+09\n",
            "   1.42938423e+09 -8.99168581e+03  2.72126205e+07  1.81874191e+06\n",
            "   5.69573541e+05  2.15027240e+07  4.77624041e+06  1.20821658e+12\n",
            "   7.16165220e+04  4.84744109e+07  8.52581572e+06 -1.31817889e+02\n",
            "   1.90365252e+07  1.05107094e+07  4.23388288e+08  8.52581572e+06\n",
            "   3.59751257e+04  6.91072324e+03]\n",
            " [ 2.34094520e+07  8.75958490e+06  8.03448709e+06 -1.42980724e+01\n",
            "   1.26349364e+09  3.46326222e+06  4.87820631e+04  1.57363543e+08\n",
            "   3.02135923e+07 -1.14367677e+02  5.82974842e+05  4.85655094e+04\n",
            "   1.46891247e+04  4.33185266e+05  9.65909812e+04  2.42012242e+10\n",
            "   2.31391661e+03  9.97600876e+05  1.87082392e+05  5.61252647e+00\n",
            "   4.14503262e+05  2.27420870e+05  8.52581572e+06  1.87082392e+05\n",
            "   9.17435599e+02  1.11075373e+01]\n",
            " [-4.21289348e+03  2.97119565e+04  1.96543282e+04  1.47258821e+00\n",
            "   4.39575260e+06  1.36163761e+04 -4.62008380e+02  4.48816731e+05\n",
            "   8.41584833e+04  2.89366241e+00  1.87431129e+03 -3.33210344e+02\n",
            "  -2.41071295e+02  1.83367782e+03  4.98354775e+02  1.07822561e+08\n",
            "   4.73504010e+01  5.55717531e+03  9.17435599e+02  1.96775340e-01\n",
            "   9.81461593e+02  6.40259939e+01  3.59751257e+04  9.17435599e+02\n",
            "   8.89082287e+01  1.20488844e+01]\n",
            " [ 2.67851117e+04  1.33037621e+04  8.80885225e+03  7.47584664e-01\n",
            "   2.10715578e+06  1.74615916e+04 -1.18603617e+01  6.15347885e+04\n",
            "   1.32839069e+04  2.50781243e+00 -3.39168773e+00  7.90874827e+01\n",
            "  -7.32679831e+01  1.03548907e+02  1.35209976e+02  1.58830464e+07\n",
            "  -4.66727219e+01  1.98091730e+03  1.11075373e+01 -2.81861285e-01\n",
            "  -1.74375320e+02 -1.85482857e+02  6.91072324e+03  1.11075373e+01\n",
            "   1.20488844e+01  6.09432587e+01]]\n",
            "Center of the data:\n",
            " [7.28734571e+04 2.46462154e+04 2.23545504e+04 1.15908828e+00\n",
            " 3.53537267e+06 9.74738543e+03 2.17581766e+02 4.39010551e+05\n",
            " 8.59567460e+04 2.00985528e+01 1.73898890e+03 2.22611433e+02\n",
            " 7.22411963e+01 1.09776097e+03 2.45334298e+02 6.15913781e+07\n",
            " 1.63958032e+01 2.60647395e+03 5.09751809e+02 2.87023637e-02\n",
            " 1.18702822e+03 6.77276411e+02 2.18229913e+04 5.09751809e+02\n",
            " 4.21173903e+01 3.90100579e+01]\n"
          ]
        }
      ]
    },
    {
      "cell_type": "code",
      "source": [
        "mcd = MinCovDet(support_fraction=0.99999).fit(df)\n",
        "center = mcd.location_\n",
        "covariance = mcd.covariance_\n",
        "\n",
        "# Calculate the Mahalanobis distance for each observation\n",
        "distances = []\n",
        "for i in range(len(df)):\n",
        "    x = df.iloc[i].values\n",
        "    try:\n",
        "        distance = mahalanobis(x, center, np.linalg.inv(covariance))\n",
        "    except np.linalg.LinAlgError:\n",
        "        # Handle the case of a singular matrix\n",
        "        distance = np.nan\n",
        "    if np.isnan(distance):\n",
        "        distance = np.nanmean(distances)\n",
        "    distances.append(distance)\n",
        "\n",
        "# Print the distances\n",
        "print(\"Mahalanobis distances:\\n\", distances)\n"
      ],
      "metadata": {
        "colab": {
          "base_uri": "https://localhost:8080/"
        },
        "id": "mOg_C9d2WLy0",
        "outputId": "0041a37b-ec47-4a52-f404-9553cc50aa66"
      },
      "execution_count": null,
      "outputs": [
        {
          "output_type": "stream",
          "name": "stderr",
          "text": [
            "/usr/local/lib/python3.10/dist-packages/scipy/spatial/distance.py:1064: RuntimeWarning: invalid value encountered in sqrt\n",
            "  return np.sqrt(m)\n"
          ]
        },
        {
          "output_type": "stream",
          "name": "stdout",
          "text": [
            "Mahalanobis distances:\n",
